การย้ายถิ่นจำแนกตามเหตุผลในการหางานและภาคที่อยู่ปัจจุบัน
กรุงเทพมหานคร   31586 35153 16495 27991
ภาคกลาง    38802 86029 85280 72979
ภาคเหนือ   5406 11495 11907 5793
ภาคตะวันออกเฉียงเหนือ   24406 18312 22073 7093
ภาคใต้   7838 21934 27858 16041

การย้ายถิ่นจำแนกตามเหตุผลในการต้องการเปลี่ยนงานและภาคที่อยู่ปัจจุบัน
กรุงเทพมหานคร  1514 703 572 0
ภาคกลาง 6716 16975 17540 18179
ภาคเหนือ 2781 5551 6996 3276
ภาคตะวันออกเฉียงเหนือ 8241 6529 4586 11374
ภาคใต้ 3451 6645 6593 3063

การย้ายถิ่นจำแนกตามเหตุผลในการต้องการรายได้เพิ่มและภาคที่อยู่ปัจจุบัน
กรุงเทพมหานคร 1146 3409 5929 2528
ภาคกลาง 4411 9524 3286 7462
ภาคเหนือ 2326 5642 768 1403
ภาคตะวันออกเฉียงเหนือ 5520 14912 4245 5817
ภาคใต้ 2575 5380 4907 1442

การย้ายถิ่นจำแนกตามเหตุผลในหน้าที่การงานและภาคที่อยู่ปัจจุบัน
กรุงเทพมหานคร 10954 5464 6067 11428
ภาคกลาง 5677 45170 35637 47127
ภาคเหนือ 17262 20841 11548 8675
ภาคตะวันออกเฉียงเหนือ 21038 46770 19152 23975
ภาคใต้ 7205 14619 16400 19851

การย้ายถิ่นจำแนกตามเหตุผลในการศึกษาต่อและภาคที่อยู่ปัจจุบัน
กรุงเทพมหานคร 4780 10636 4000 13890
ภาคกลาง 9327 17487 9460 8084
ภาคเหนือ 11032 17284 19477 8001
ภาคตะวันออกเฉียงเหนือ 18514 38597 29323 19633
ภาคใต้ 4772 5869 4203 8986

การย้ายถิ่นจำแนกตามเหตุผลในการย้ายที่อยู่อาศัยและภาคที่อยู่ปัจจุบัน
กรุงเทพมหานคร 0 1930 348 2192
ภาคกลาง 20626 69375 50325 44226
ภาคเหนือ 6499 18978 23844 12126
ภาคตะวันออกเฉียงเหนือ 23940 24502 37000 33612
ภาคใต้ 19976 25831 11257 14450

การย้ายถิ่นจำแนกตามเหตุผลในการกลับภูมิลำเนาและภาคที่อยู่ปัจจุบัน
กรุงเทพมหานคร 0 0 274 0
ภาคกลาง 10370 13464 22257 5542
ภาคเหนือ 43324 48520 59615 33980
ภาคตะวันออกเฉียงเหนือ 204607 281300 205877 94577
ภาคใต้ 13946 11070 28228 10980

การย้ายถิ่นจำแนกตามเหตุผลในการติดตามคนในครอบครัวและภาคที่อยู่ปัจจุบัน
กรุงเทพมหานคร 0 10960 5354 1777
ภาคกลาง 46326 80671 78125 53207
ภาคเหนือ 43324 52942 54125 35979
ภาคตะวันออกเฉียงเหนือ 103333 175577 71704 62605
ภาคใต้ 19809 54292 44003 37994

การย้ายถิ่นจำแนกตามเหตุผลในการทำกิจการครอบครัวและภาคที่อยู่ปัจจุบัน
กรุงเทพมหานคร 0 0 0 0
ภาคกลาง 2220 3829 1470 3018
ภาคเหนือ 2227 1537 2354 1618
ภาคตะวันออกเฉียงเหนือ 23427 12898 11820 4856
ภาคใต้ 1083 1526 1482 1283

การย้ายถิ่นจำแนกตามเหตุผลในการรักษาตัวและภาคที่อยู่ปัจจุบัน
กรุงเทพมหานคร 1522 0 0 0
ภาคกลาง 461 492 1289 792
ภาคเหนือ 2528 321 2531 864
ภาคตะวันออกเฉียงเหนือ 4360 14488 3540 5216
ภาคใต้ 677 1261 529 147

การย้ายถิ่นจำแนกตามเหตุผลในการขาดคนดูแลและภาคที่อยู่ปัจจุบัน
กรุงเทพมหานคร 0 1543 1103 0
ภาคกลาง 8503 5189 6017 3621
ภาคเหนือ 6734 10466 7904 6653
ภาคตะวันออกเฉียงเหนือ 17908 15412 7318 9975
ภาคใต้ 3232 2508 3054 2778

การย้ายถิ่นจำแนกตามเหตุผลในการเพื่อดูแลคนอื่นและภาคที่อยู่ปัจจุบัน
กรุงเทพมหานคร 0 1923 1804 722
ภาคกลาง 5833 2880 6028 5237
ภาคเหนือ 12092 6602 9937 7126
ภาคตะวันออกเฉียงเหนือ 23580 26836 19357 10452
ภาคใต้ 1508 6185 5238 689

การย้ายถิ่นจำแนกตามเหตุผลอื่นๆและภาคที่อยู่ปัจจุบัน
กรุงเทพมหานคร 844 0 0 10604
ภาคกลาง 4213 4882 6064 6266
ภาคเหนือ 4935 453 3693 4300
ภาคตะวันออกเฉียงเหนือ 29226 477 5948 6804
ภาคใต้ 323 0 5955 3013

จำแนกผู้ย้ายถิ่นที่อยู่ก่อนย้ายและที่อยู่ปัจจุบัน
มาจากภาคใต้ 0.5 8.7 2.5 4.1 5.4
มาจากภาคตะวันออกเฉียงเหนือ  4.4 0.5 13.7 36.4 45.5
มาจากภาคเหนือ  4.6 5.7 0.5 23.4 17.5
มาจากภาคกลาง  7.1 40.8 22.0 0.5 38.3
มาจากกรุงเทพมหานคร  4.2 29.5 8.6 13.4 0.5

ร้อยละของผู้ย้ายถิ่นจำแนกตามสาเหตุของการย้ายถิ่่นฐาน
หางานทำ 15.8
ต้องการเปลี่ยนงาน 3.8
ต้องการรายได้เพิ่มขึ้น 2.0
หน้าที่การงาน 13.7
ศึกษาต่อ 7.9
ย้ายที่อยู่อาศัย 10.7
กลับภูมิลำเนา 3.2
ติดตามคนในครอบครัว 19.6
ทำกิจกรรมครอบครัว 14.9
รักษาตัว 0.9
ขาดคนดูแล 2.8
เพื่อดูแลคนอื่น 1.8
อื่นๆ 2.9

จำนวนของผู้ย้ายถิ่นจำแนกตามภาคที่อยู่
ภาคกลาง 26.55
กรุงเทพมหานคร 5.49
ภาคเหนือ 15.94
ภาคตะวันออกเฉียงเหนือ 40.18
ภาคใต้ 11.84